1.102	16.4	12.4	5.7	8.2	99.9	9.9	2.1E+12	2.4E+12	1.1E+12	57.8	7.9
0.470	10.2	12.4	35.9	8.2	40.6	5.5	1.1E+11	1.2E+11	5E+10	8.90	1.7
1.010	31.0	12.4	25.9	7.0	8.5	5.3	1.3E+12	5.9E+12	1E+12	28.4	30.6
0.922	32.6	12.4	27.1	7.1	12.1	5.5	8.7E+11	2.5E+12	6.5E+11	25.2	19.7
1.302	24.1	12.4	14.6	7.1	27.9	5.2	1.1E+12	1.6E+12	6E+11	16.3	5.0
1.029	34.2	12.4	29.4	7.1	20.1	5.2	9.1E+11	1.3E+12	5.5E+11	21.2	9.0
0.582	48.2	12.4	50.8	7.0	29.9	5.4	4E+11	3.4E+11	1.8E+11	16.3	3.9
0.295	38.8	12.4	56.8	7.0	58.5	5.3	5.1E+10	2.5E+10	1.6E+10	9.10	0.9
0.326	27.6	3.7	4.0	7.7	99.9	9.9	3.3E+11	6E+10	5E+10	38.9	1.1
1.042	13.9	3.8	4.1	3.7	99.9	9.9	2.2E+12	8E+11	6E+11	58.2	3.5
0.598	22.4	3.8	16.3	3.7	8.2	4.1	2.2E+11	4.1E+11	1.4E+11	21.3	10.4
0.311	37.9	3.8	26.7	3.9	16.2	4.2	7.2E+10	5.4E+10	3.1E+10	16.8	3.8
0.669	11.8	3.8	13.4	3.7	14.9	4.1	1.3E+11	1.7E+11	7E+10	12.7	2.8
0.217	31.4	3.7	20.9	4.1	6.9	3.9	4.2E+10	7E+10	2.6E+10	19.0	8.7
0.467	16.9	3.8	5.8	4.2	99.9	9.9	3.3E+11	1E+11	8E+10	38.4	1.9
0.826	13.2	3.7	9.5	5.2	99.9	9.9	3.9E+11	9.4E+12	3.7E+11	29.8	60.6
0.726	35.0	3.7	29.1	5.7	18.0	4.5	4.5E+11	3.7E+11	2E+11	19.5	4.6
0.653	50.8	3.8	37.1	4.2	8.5	4.9	6.5E+11	5.4E+11	2.9E+11	23.0	6.8
0.239	30.3	3.8	14.7	3.9	3.9	5.4	1.3E+11	6.4E+11	1.1E+11	31.8	51.3
1.706	12.2	3.8	16.0	7.1	99.9	9.9	1.2E+12	1.1E+13	1.1E+12	23.3	18.1
0.673	17.1	3.8	14.5	3.7	8.5	4.1	2E+11	4.1E+11	1.3E+11	19.0	8.3
0.721	21.9	3.8	15.7	3.9	4.3	5.0	4.1E+11	1E+12	2.9E+11	26.3	18.8
1.026	20.1	3.8	9.7	3.8	19.6	4.0	5.6E+11	4.3E+11	2.4E+11	17.4	3.1
1.331	14.1	3.7	9.9	3.7	7.4	4.0	9.6E+11	3.3E+12	7.4E+11	28.4	21.6
1.338	26.7	3.8	13.2	4.7	12.6	4.7	1.9E+12	3.4E+12	1.2E+12	32.2	19.1
0.617	21.9	3.7	14.2	3.7	4.9	4.9	3.3E+11	8.5E+11	2.3E+11	26.8	20.7
0.956	22.8	3.7	19.5	3.9	20.6	4.7	5.6E+11	4.3E+11	2.4E+11	17.7	3.3
0.621	19.4	3.8	9.1	3.7	5.7	3.9	4.2E+11	2.7E+12	3.7E+11	32.4	50.6
0.712	14.0	3.7	20.3	3.7	22.8	3.9	1.8E+11	1.3E+11	7E+10	11.8	1.7
1.364	12.7	3.8	4.2	5.6	5.0	4.2	3.2E+12	2.45E+14	3.2E+12	63.3	84
1.309	11.4	3.8	4.2	3.8	7.3	4.3	6.9E+11	3.7E+12	5.8E+11	24.5	18.8
1.475	12.2	3.8	18.0	4.1	23.8	4.2	1.3E+12	1.3E+12	6E+11	15.4	3.0
1.680	24.1	3.8	5.2	3.7	99.9	9.9	1.1E+13	2E+12	1E+12	75.6	2.6
1.571	21.2	3.8	17.8	4.0	14.0	4.0	1.9E+12	2.2E+12	1E+12	26.6	9.2
0.856	11.5	3.8	13.7	3.7	11.0	4.2	2.4E+11	4.3E+11	1.5E+11	15.8	4.9
0.248	13.5	3.8	6.0	3.8	5.6	4.6	2.7E+10	3.5E+11	2.5E+10	20.0	25.1
0.710	6.3	1.9	99.9	9.9	99.9	9.9	3.4E+11	1.6E+11	1.1E+11	45.2	3.2
0.738	7.0	1.9	5.2	3.1	3.1	4.1	1E+11	7E+11	9E+10	21.6	18.6
0.962	6.5	1.9	6.8	2.9	99.9	9.9	1.8E+11	1.5E+12	1.6E+11	19.6	15.1
0.126	38.0	1.9	35.6	2.9	26.3	3.8	6.4E+09	1.9E+09	1.5E+09	11.2	0.8
0.122	9.0	1.9	99.9	9.9	99.9	9.9	1.2E+09	1.8E+10	1.2E+09	8.90	17.0
0.642	11.7	1.9	16.0	2.9	15.9	3.8	1.5E+11	1.2E+11	6E+10	12.3	1.7
1.890	13.5	3.8	3.0	3.7	99.9	9.9	8.7E+12	3.3E+12	2.4E+12	86.6	5.1
0.219	24.8	3.7	25.8	3.9	12.7	4.0	1.8E+10	1.6E+10	8E+09	12.5	2.4
0.675	22.2	1.9	18.9	3.4	0.9	4.4	2.1E+11	3E+11	1.2E+11	19.7	7.0
0.182	43.4	3.8	13.0	4.2	14.4	4.0	4.8E+10	5.7E+10	2.6E+10	20.5	8.2
0.903	26.0	3.8	17.7	3.8	13.7	4.5	5.2E+11	6.1E+11	2.8E+11	22.8	8.2
0.820	13.6	1.9	21.2	2.9	1.2	3.8	2.3E+11	2.5E+11	1.2E+11	13.9	2.4
1.204	25.8	3.8	20.0	3.7	14.0	3.9	1.2E+12	1.2E+12	6E+11	25.3	8.5
1.744	18.9	3.7	20.0	3.7	9.4	4.0	2E+12	3.2E+12	1.2E+12	28.6	13.2
1.120	15.3	3.8	5.7	3.7	3.2	3.9	2.8E+12	9E+11	7E+11	60.6	3.0
0.103	91.7	3.7	33.6	5.2	99.9	9.9	1.2E+11	0E+00	0E+00	35.9	0.3
0.449	33.5	3.8	35.6	3.9	38.8	4.0	1.1E+11	3E+10	2E+10	11.5	0.8
1.286	18.8	3.8	9.2	4.0	99.9	9.9	3.7E+12	9E+11	7E+11	58.0	2.5
0.766	99.9	9.9	99.9	9.9	20.9	4.0	2.1E+11	4E+10	3E+10	8.90	0.0
0.424	14.2	3.7	2.0	4.4	99.9	9.9	2.7E+11	1E+11	7E+10	40.6	2.2
0.595	20.5	2.7	6.8	5.0	11.4	4.8	2.2E+11	6E+10	5E+10	24.3	2.1
0.221	17.0	2.6	7.4	3.3	16.9	4.9	4.7E+10	1.1E+10	9E+09	24.5	1.9
1.594	13.9	2.6	12.4	3.4	99.9	9.9	1.3E+12	4.2E+12	1E+12	30.2	22.1
0.882	2.8	2.7	4.6	4.4	16.1	4.8	4.5E+11	3.4E+11	1.9E+11	19.1	3.0
1.311	30.3	2.6	20.8	3.3	99.9	9.9	4.3E+12	2.4E+12	1.5E+12	28.4	5.5
0.598	9.0	2.6	16.8	4.0	23.1	4.8	1.3E+11	1.6E+11	7E+10	9.40	1.6
0.654	21.3	2.6	7.9	0.2	19.7	4.8	2.8E+11	1.1E+11	8E+10	20.5	2.5
0.650	27.4	2.6	22.1	3.3	27.4	4.8	3.9E+11	8E+10	6E+10	21.8	1.4
0.781	11.5	2.6	7.8	6.1	99.9	9.9	3.3E+11	1.9E+11	1.2E+11	31.0	6.0
0.351	20.5	2.6	8.6	3.2	7.3	4.7	9.5E+10	2.6E+10	2E+10	23.9	2.0
0.826	9.4	2.7	0.8	4.1	99.9	9.9	2.9E+11	2.5E+11	1.3E+11	30.8	7.6
0.944	99.9	9.9	16.4	5.0	99.9	9.9	7.4E+11	5E+11	3E+11	28.6	4.4
0.738	15.3	2.7	9.9	3.3	2.8	5.0	3.9E+11	1.6E+12	3.2E+11	29.8	32.0
0.837	99.9	9.9	12.4	3.7	8.0	5.1	2.1E+11	3E+12	1.9E+11	12.7	8.8
0.945	8.5	2.7	5.1	3.2	99.9	9.9	5E+11	1.39E+13	4.9E+11	37.6	99.7
1.461	37.8	2.6	30.0	3.9	23.5	4.9	3E+12	5E+11	4E+11	31.7	2.3
0.653	12.2	2.6	22.9	3.8	11.3	6.6	3.8E+11	1.1E+11	8E+10	26.0	2.5
0.652	41.0	2.6	24.9	3.9	7.2	7.1	7.9E+11	1E+11	9E+10	28.6	1.5
0.633	62.6	2.6	39.7	5.4	27.7	4.8	9.9E+11	9E+10	8E+10	26.7	0.9
0.701	13.8	2.7	22.2	5.2	17.2	5.0	2E+11	2E+11	1E+11	12.9	2.2
1.452	11.4	2.6	5.0	3.3	99.9	9.9	9.9E+12	2.5E+12	2.00E+12	10.3	0.0
0.184	9.0	2.7	0.2	3.7	1.9	5.1	2.8E+10	1.2E+10	8E+09	33.7	2.1
0.439	10.9	2.7	7.6	3.3	99.9	9.9	6.9E+10	5.2E+11	6.1E+10	23.1	26.6
0.697	16.5	2.8	12.4	3.7	99.9	9.9	2.6E+11	9.5E+11	2E+11	24.1	18.6
0.786	16.2	2.7	99.9	9.9	99.9	9.9	3.2E+11	1.8E+11	1.1E+11	26.7	4.7
0.123	10.2	2.6	2.4	5.7	4.4	4.8	8.6E+09	4.9E+09	3.1E+09	25.3	4.5
0.374	9.1	2.6	2.3	3.2	99.9	9.9	5.9E+10	4.6E+10	2.5E+10	28.6	6.6
0.987	9.2	2.6	99.9	9.9	12.0	5.5	3.2E+11	7.8E+11	2.2E+11	15.3	4.8
0.933	10.9	2.6	99.9	9.9	99.9	9.9	1.2E+12	4E+11	3E+11	52.6	2.8
0.993	14.8	2.7	23.7	4.8	12.8	7.1	3.9E+11	5.3E+11	2.2E+11	15.3	3.4
0.673	19.9	2.6	17.8	4.9	15.5	4.8	6.7E+11	1.5E+11	1.2E+11	30.7	2.8
0.370	4.9	2.8	10.8	3.3	7.0	5.9	1.5E+10	1.2E+11	1.4E+10	9.00	4.2
0.470	23.6	2.7	20.2	3.3	1.6	5.2	1.5E+11	3E+10	3E+10	21.6	1.6
0.622	95.6	2.6	45.5	3.2	12.6	4.8	2.9E+12	1E+11	1E+11	36.7	1.1
0.701	18.1	2.7	10.5	3.7	4.0	5.1	2.9E+11	1.2E+11	8E+10	24.1	2.9
0.831	9.2	2.7	11.5	3.3	7.3	4.9	6.5E+11	2.7E+11	1.9E+11	35.5	5.6
0.932	9.1	2.7	99.9	9.9	99.9	9.9	1.5E+11	3.2E+11	1E+11	25.0	15.0
0.340	10.9	2.7	3.5	3.5	99.9	9.9	1.1E+11	4E+10	3E+10	36.1	2.0
0.465	32.5	2.7	23.1	3.3	11.6	5.0	2.4E+11	3E+10	3E+10	24.0	1.2
0.474	9.1	2.6	8.9	4.4	6.5	4.8	8.8E+10	6.3E+10	3.7E+10	24.2	4.7
0.480	32.6	2.6	13.2	3.2	6.5	4.8	3.2E+11	5E+10	4E+10	27.4	1.5
1.273	17.1	2.7	8.1	3.7	11.5	4.8	1.1E+12	4E+11	3E+11	31.9	4.3
0.421	12.1	2.7	2.9	3.6	2.9	5.1	1.3E+12	5.87E+14	1.3E+12	73.3	62
0.781	29.8	2.6	18.5	3.5	99.9	9.9	6.4E+11	1.3E+11	1.1E+11	27.2	2.0
0.664	9.6	2.6	5.0	3.2	4.0	4.7	1.2E+11	7.8E+11	1E+11	22.9	22.0
0.554	10.3	2.7	99.9	9.9	99.9	9.9	1.2E+11	8E+10	4E+10	28.3	5.5
0.308	25.4	2.6	24.0	3.8	22.5	5.8	9E+10	1.6E+10	1.3E+10	21.4	1.1
0.304	17.6	2.7	99.9	9.9	99.9	9.9	3.8E+10	1.9E+10	1.2E+10	19.4	2.7
0.304	8.2	2.6	28.9	3.3	21.0	6.4	5.6E+10	6E+09	5E+09	9.00	0.0
0.526	25.6	2.6	26.6	7.4	99.9	9.9	1.7E+11	1.4E+11	8E+10	20.2	4.8
0.530	11.9	2.7	11.6	3.3	4.6	5.0	1E+11	5E+10	3E+10	22.2	3.2
0.352	62.1	2.6	27.1	3.5	99.9	9.9	2.8E+11	3E+10	3E+10	24.9	1.4
0.511	15.0	2.7	15.0	3.3	7.3	6.2	7.4E+10	1.4E+11	4.8E+10	15.1	5.0
1.155	9.4	2.7	99.9	9.9	99.9	9.9	2.4E+11	5.2E+11	1.6E+11	25.0	15.0
0.681	21.1	2.6	16.1	3.2	6.8	4.9	2.7E+11	4.9E+11	1.7E+11	21.8	10.2
0.281	11.7	2.6	13.7	4.1	4.6	8.3	1.8E+10	1.6E+10	8E+09	15.5	3.0
0.667	8.9	2.6	6.6	3.3	99.9	9.9	1.5E+11	2.5E+11	9E+10	27.2	12.6
0.668	13.0	2.7	3.4	3.6	99.9	9.9	5.8E+11	1.6E+11	1.2E+11	43.5	2.0
0.700	12.8	2.6	2.1	3.4	99.9	9.9	7.4E+11	2.1E+11	1.6E+11	47.2	2.1
1.443	14.3	2.7	12.3	4.1	99.9	9.9	1.2E+12	5.2E+12	9E+11	31.6	29.1
1.276	47.2	2.6	29.4	3.3	16.6	4.8	2.8E+12	3E+11	3E+11	31.7	1.7
0.928	15.5	2.6	11.8	3.5	11.7	5.5	5.2E+11	1.9E+11	1.4E+11	27.4	3.1
0.349	13.5	2.7	5.5	4.9	99.9	9.9	1.3E+11	1.31E+13	1.3E+11	32.6	21
0.122	18.3	2.7	6.8	3.2	4.2	4.8	9.2E+09	2.7E+09	2.1E+09	22.3	2.0
1.284	20.1	2.6	16.6	3.6	3.1	6.0	1.4E+12	5E+11	4E+11	32.0	5.3
1.432	15.5	2.6	12.8	3.4	0.5	5.6	1.2E+12	3.9E+12	9E+11	31.0	24.8
1.204	10.0	2.6	4.6	3.5	99.9	9.9	2.2E+12	8E+11	6E+11	62.6	3.6
0.674	22.1	2.6	17.2	4.0	16.2	8.6	2.2E+11	1.4E+11	8E+10	18.8	3.2
0.948	14.2	2.6	17.0	5.2	15.0	5.2	4.8E+11	2E+11	1.4E+11	24.1	3.0
0.126	33.5	2.6	14.9	3.8	14.6	5.1	1.6E+10	2E+09	2E+09	21.3	0.9
0.516	11.4	2.6	11.7	4.0	99.9	9.9	1E+11	1.1E+11	5E+10	22.4	6.9
0.167	24.4	2.6	16.9	3.6	4.1	5.0	2.5E+10	5E+09	4E+09	21.9	1.4
1.206	12.5	2.6	11.8	3.5	99.9	9.9	5.8E+11	2.2E+12	4.6E+11	23.9	15.8
0.882	32.2	2.7	18.6	3.7	2.1	5.6	9.5E+11	1.7E+11	1.4E+11	29.2	1.8
0.475	21.1	2.7	12.6	4.0	99.9	9.9	1.5E+11	1E+11	6E+10	23.3	5.5
0.530	6.2	2.7	13.3	3.5	6.0	5.5	4.6E+10	2.5E+11	3.9E+10	10.0	3.9
1.177	22.3	2.6	23.6	5.1	33.4	4.9	8.9E+11	3.9E+11	2.7E+11	16.2	1.5
1.176	15.0	2.7	12.6	3.9	1.7	6.5	9.3E+11	5E+11	3.2E+11	29.8	5.4
0.630	21.9	2.7	7.9	3.3	3.4	4.9	2.1E+11	8E+10	5E+10	22.5	2.6
1.180	11.2	2.7	16.0	3.8	15.7	5.2	8.9E+11	3.1E+11	2.3E+11	27.3	2.8
1.278	6.2	2.7	17.1	4.0	99.9	9.9	4.8E+11	2.6E+12	4.1E+11	14.3	6.3
0.472	36.5	2.6	22.9	3.3	12.6	5.3	3.7E+11	4E+10	4E+10	26.2	1.2
1.189	11.2	2.6	13.9	3.8	6.3	6.4	4.7E+11	1E+12	3.3E+11	20.1	8.2
0.411	20.8	2.6	32.8	4.2	31.1	5.1	6.9E+10	3.3E+10	2.2E+10	10.2	0.9
0.122	9.0	2.6	3.8	4.1	99.9	9.9	3.5E+09	2.7E+09	1.5E+09	20.3	3.8
0.124	29.8	2.7	17.1	3.4	3.1	5.2	1.6E+10	2E+09	2E+09	22.7	1.2
0.972	8.6	2.6	3.8	3.5	99.9	9.9	2.7E+11	3.2E+11	1.4E+11	27.5	7.2
0.940	39.3	2.7	99.9	9.9	21.6	5.5	1.5E+12	2E+11	2E+11	30.5	2.2
1.027	15.8	2.7	14.8	3.8	4.0	5.4	6.5E+11	5.7E+11	3E+11	25.7	7.0
0.721	11.2	2.6	3.1	3.3	3.6	5.3	2.3E+11	4.1E+11	1.4E+11	28.6	15.4
0.266	30.5	2.7	16.9	3.3	8.6	4.9	1E+11	1E+10	1E+10	26.0	1.5
0.174	32.4	2.7	12.5	3.4	99.9	9.9	7.7E+10	1E+10	8E+09	29.0	1.6
0.174	32.4	2.7	12.5	3.4	99.9	9.9	7.7E+10	1E+10	9E+09	29.0	1.6
1.583	15.1	2.6	11.5	3.6	99.9	9.9	3E+12	1.3E+12	9E+11	40.1	5.6
1.553	21.5	2.7	24.9	3.5	8.0	5.7	1.6E+12	9E+11	6E+11	25.3	4.5
0.883	5.4	2.6	11.3	3.7	99.9	9.9	1.6E+11	1.1E+12	1.4E+11	13.9	7.4
0.895	17.6	2.7	32.5	4.4	21.0	5.4	4.9E+11	3.7E+11	2.1E+11	13.9	1.9
0.890	18.9	2.7	16.2	3.3	6.5	4.9	4.8E+11	3E+11	1.8E+11	23.9	4.7
0.174	40.8	2.7	15.7	3.7	12.3	6.3	6.9E+10	7E+09	6E+09	24.9	1.0
0.891	21.8	2.6	23.3	3.4	15.6	5.0	4.8E+11	3.9E+11	2.1E+11	17.8	3.4
0.748	17.1	2.6	18.0	4.3	22.1	6.3	5.1E+11	1.6E+11	1.2E+11	24.2	2.4
0.882	14.8	2.6	10.7	3.3	8.3	5.1	4.8E+11	1.9E+11	1.4E+11	29.0	3.9
0.223	13.8	2.7	4.5	4.1	99.9	9.9	1.6E+10	1E+10	6E+09	18.6	3.0
0.419	12.1	2.6	16.4	4.5	13.3	5.3	4.4E+10	6.1E+10	2.5E+10	11.4	2.4
0.931	25.2	2.6	24.6	4.9	99.9	9.9	6E+11	4.1E+11	2.4E+11	22.1	4.3
0.135	8.7	2.6	99.9	9.9	99.9	9.9	1E+10	7E+09	4E+09	28.1	7.0
0.793	15.5	2.7	0.4	4.7	1.7	7.5	3.5E+11	2E+11	1.2E+11	27.0	4.6
0.717	18.7	2.6	21.1	6.6	15.8	9.5	2.4E+11	1.7E+11	1E+11	19.3	3.3
1.426	20.9	2.7	19.0	3.4	10.1	4.9	1.3E+12	8E+11	5E+11	27.3	5.7
1.305	9.3	2.7	13.7	3.7	99.9	9.9	6.6E+11	5.6E+11	3E+11	25.8	5.8
0.368	13.1	2.7	7.1	4.1	3.8	7.7	5.5E+10	5.1E+11	4.9E+10	23.3	30.8
1.795	22.9	2.6	15.7	3.4	3.0	5.0	5E+12	1.3E+12	1E+12	47.3	6.0
0.374	57.9	2.7	31.3	7.6	29.6	6.9	3E+11	2E+10	2E+10	24.1	0.7
0.657	9.5	2.6	4.0	3.9	8.7	5.4	2.8E+11	1.7E+11	1E+11	31.5	6.3
0.355	12.1	2.7	8.4	3.5	99.9	9.9	5.4E+10	2.7E+10	1.8E+10	23.8	3.2
0.001	13.2	2.7	99.9	9.9	99.9	9.9	1.8E+05	4.1E+06	1.7E+05	13.4	14.8
1.096	14.3	2.7	15.5	4.3	10.4	2.8	1.3E+12	5E+11	3E+11	32.4	4.5
0.489	13.7	2.7	2.9	4.8	11.3	5.5	1.8E+11	7E+10	5E+10	29.4	4.1
1.096	14.3	2.7	15.5	4.3	10.4	2.8	1.3E+12	5E+11	3E+11	32.4	4.5
0.945	74.4	2.6	47.5	9.3	38.1	4.8	2.8E+12	2E+11	1E+11	30.6	0.8
0.929	23.1	2.7	99.9	9.9	99.9	9.9	2E+12	3E+11	2E+11	47.4	1.4
0.123	16.0	2.6	5.6	3.3	4.2	4.9	9.7E+09	3.1E+09	2.3E+09	21.8	1.9
0.985	57.2	2.6	40.7	3.3	16.6	5.3	2.3E+12	2E+11	2E+11	30.4	1.1
0.988	13.9	2.6	10.8	3.4	99.9	9.9	4.8E+11	1.9E+12	3.8E+11	27.8	24.8
1.127	11.3	2.7	7.8	9.0	99.9	9.9	1.3E+12	4.4E+13	1.2E+12	45.1	35
0.931	10.0	2.6	5.9	4.4	99.9	9.9	5.9E+11	2.35E+13	5.7E+11	38.0	12
0.887	8.8	2.7	9.3	3.2	5.7	4.7	1.6E+11	6.5E+11	1.2E+11	18.1	9.8
0.621	15.0	2.6	5.7	3.3	0.0	5.3	1.5E+11	1E+11	6E+10	22.8	4.4
1.022	9.4	2.6	6.5	3.3	99.9	9.9	6.1E+11	8.4E+12	5.6E+11	36.2	71.8
0.265	16.1	2.6	15.9	3.5	15.2	5.7	1.8E+10	1.1E+10	7E+09	13.1	1.7
0.218	23.8	2.6	8.6	3.3	99.9	9.9	2.4E+10	1.7E+10	1E+10	18.6	4.0
0.890	3.3	2.6	6.9	3.2	18.1	4.7	1.5E+11	4E+10	3E+10	8.80	0.0
1.019	9.8	2.7	18.2	3.3	8.2	5.1	4.4E+11	4.4E+11	2.2E+11	20.8	5.6
0.730	15.4	2.7	8.8	3.4	99.9	9.9	2.3E+11	1.3E+11	8E+10	24.3	4.5
0.852	4.4	2.7	27.5	3.5	20.5	6.2	4.1E+11	9E+11	2.8E+11	12.7	3.7
1.830	10.7	2.7	5.3	3.2	1.2	4.7	5.3E+12	1.7E+12	1.3E+12	75.2	4.1
0.730	18.1	2.7	6.4	4.2	4.0	6.9	3.2E+11	1.7E+11	1.1E+11	24.9	4.5
1.633	9.3	2.7	14.1	5.2	9.4	0.9	1E+12	3.2E+12	7E+11	20.4	8.8
1.249	27.8	2.6	22.8	3.2	9.2	4.9	1.3E+12	5E+11	3E+11	25.9	3.5
0.339	9.2	2.6	17.6	3.7	8.7	5.4	2.5E+10	5.7E+10	1.7E+10	9.60	2.5
0.289	10.1	2.7	8.2	3.5	99.9	9.9	1.9E+10	1.4E+11	1.6E+10	18.1	16.8
0.506	8.6	2.6	5.0	3.4	99.9	9.9	7.3E+10	1.39E+12	6.9E+10	24.6	41.8
0.661	17.2	2.6	31.2	4.9	34.8	5.1	2E+11	1E+11	6E+10	10.9	1.0
0.603	60.9	2.6	63.2	3.5	49.2	5.6	4.6E+11	7E+10	6E+10	16.2	0.7
0.595	9.2	2.7	7.8	4.0	5.4	6.0	6.5E+10	2.6E+11	5.2E+10	17.0	9.5
1.439	19.4	2.6	12.9	4.1	7.5	8.6	2E+12	7E+11	5E+11	38.6	6.5
0.427	14.8	2.7	12.5	3.5	1.5	6.6	1E+11	3E+10	2E+10	23.9	2.4
0.377	6.8	2.7	10.4	3.2	9.3	4.7	1.7E+10	4.2E+10	1.2E+10	10.3	3.0
1.443	19.9	2.6	23.9	3.2	5.4	6.9	1.2E+12	1.3E+12	6E+11	22.0	5.7
0.725	26.2	2.6	21.5	3.3	7.5	9.1	5.9E+11	1.1E+11	9E+10	28.1	1.8
0.219	11.1	2.7	11.0	3.3	2.2	4.8	8.7E+09	2.8E+10	6.6E+09	13.7	6.6
0.922	17.2	2.7	4.4	5.9	7.8	9.9	6.7E+11	5.3E+12	5.9E+11	32.0	46.0
0.186	17.1	2.7	17.7	3.6	99.9	9.9	1.4E+10	4E+09	3E+09	18.0	1.7
0.186	27.8	2.7	23.4	5.2	49.8	4.8	6.2E+10	8E+09	7E+09	16.8	0.6
0.591	99.9	9.9	11.7	3.5	99.9	9.9	1.2E+11	2.8E+11	8E+10	25.0	15.0
1.138	17.0	2.6	20.3	3.3	13.5	4.8	9.5E+11	3.2E+11	2.4E+11	26.7	3.3
0.079	53.3	2.6	21.8	3.3	6.9	4.9	1.5E+10	1E+09	1E+09	24.0	0.9
1.173	11.6	2.7	99.9	9.9	99.9	9.9	1.9E+12	6E+11	4E+11	56.4	3.1
1.315	12.4	2.6	19.3	3.6	99.9	9.9	7.1E+11	1.2E+12	4.5E+11	17.8	5.1
0.186	48.6	2.7	15.0	4.1	37.4	4.8	1E+11	0E+00	0E+00	24.6	0.7
0.343	28.8	2.6	12.9	3.6	13.4	5.1	1.2E+11	2E+10	2E+10	24.7	1.5
0.434	9.3	2.7	99.9	9.9	99.9	9.9	1.7E+11	7E+10	5E+10	38.7	2.4
0.432	16.2	2.6	11.8	3.7	3.3	5.3	7.9E+10	2.5E+11	6E+10	21.1	14.8
0.935	8.3	2.6	11.3	3.5	25.0	4.8	2.5E+11	2.9E+11	1.3E+11	10.6	1.7
0.123	33.0	2.7	16.5	4.0	99.9	9.9	2E+10	3E+09	2E+09	22.3	1.0
0.124	33.0	2.7	16.5	4.0	99.9	9.9	2E+10	3E+09	2E+09	22.4	1.0
0.222	28.5	2.7	17.5	4.4	2.7	8.4	4.6E+10	9E+09	7E+09	22.5	1.4
0.662	26.9	2.7	14.3	3.6	6.4	5.2	4.6E+11	9E+10	7E+10	27.8	2.0
0.655	11.1	2.7	9.8	3.2	9.2	4.7	1.8E+11	8E+10	5E+10	24.4	3.1
1.252	23.8	2.7	12.9	4.8	13.4	6.1	1.6E+12	4E+11	3E+11	33.3	3.9
0.221	8.6	2.7	4.1	3.2	3.6	4.7	8E+09	5.8E+10	7E+09	16.1	13.2
1.177	99.9	9.9	12.9	4.0	99.9	9.9	3.8E+11	8.3E+11	2.6E+11	25.0	15.0
0.219	22.9	2.6	11.2	3.5	99.9	9.9	3E+10	7E+09	6E+09	20.3	1.4
0.688	18.3	2.7	7.3	3.5	99.9	9.9	6.1E+11	1.9E+11	1.4E+11	36.8	4.7
0.264	25.3	2.7	12.1	4.6	12.4	4.8	7.6E+10	1.6E+10	1.3E+10	24.1	1.5
0.927	19.1	2.6	22.7	5.3	7.7	5.9	6.2E+11	2.4E+11	1.7E+11	25.6	3.4
0.791	9.1	2.7	3.2	4.7	7.0	5.6	1.7E+11	2.2E+12	1.6E+11	22.4	25.2
0.817	27.7	2.6	12.4	3.3	99.9	9.9	7.9E+11	1.7E+11	1.4E+11	29.6	2.4
0.360	9.8	2.7	5.8	3.8	8.8	6.3	2.7E+10	3.3E+10	1.5E+10	17.4	4.2
1.574	14.1	2.7	28.2	3.3	20.8	5.2	1.3E+12	1E+12	6E+11	17.9	2.9
0.354	16.5	2.6	25.5	4.5	22.6	6.4	3.8E+10	3.1E+10	1.7E+10	10.1	1.3
1.449	18.0	2.6	13.3	3.6	16.0	5.5	1E+12	1.3E+12	5E+11	23.6	7.3
1.345	21.4	2.6	11.7	3.3	2.4	5.3	3.7E+12	8E+11	6E+11	47.5	4.9
0.498	8.5	2.6	26.9	3.3	16.3	4.8	8E+10	1E+11	4.5E+10	10.1	1.9
0.343	10.8	2.7	99.9	9.9	99.9	9.9	3E+10	6.5E+10	2E+10	25.0	15.0
0.348	35.2	2.6	22.6	3.9	20.1	4.9	2E+11	2E+10	2E+10	26.5	1.3
0.367	8.9	2.7	5.0	3.6	99.9	9.9	4.8E+10	1.17E+12	4.6E+10	24.8	48.0
0.358	8.7	2.6	7.2	4.5	15.5	5.0	2E+10	2.8E+10	1.1E+10	9.40	1.7
1.455	12.0	2.7	21.7	4.5	12.4	5.1	9.5E+11	1.3E+12	5.5E+11	18.3	4.6
0.352	8.7	2.6	5.8	3.3	8.9	5.0	1.6E+10	5E+10	1.2E+10	12.2	4.5
0.355	11.2	2.7	4.8	4.6	99.9	9.9	4.4E+10	1.75E+12	4.3E+10	22.3	42.3
0.832	9.6	2.7	5.1	4.1	7.1	5.8	4.1E+11	3.2E+11	1.8E+11	33.1	7.8
0.728	10.5	2.7	7.7	3.8	2.8	6.0	2.2E+11	1.7E+11	9E+10	25.3	5.3
0.296	10.5	2.7	7.7	3.8	2.8	6.0	2.7E+10	2E+10	1.1E+10	19.4	3.5
1.895	18.3	2.6	11.2	3.7	99.9	9.9	6.4E+12	1.8E+12	1.4E+12	56.8	7.7
0.220	12.5	2.7	7.6	3.9	99.9	9.9	1.3E+10	1.2E+11	1.2E+10	18.4	18.9
1.192	20.6	2.6	18.5	3.8	99.9	9.9	1.4E+12	4E+11	3E+11	31.5	3.3
0.924	22.9	2.7	17.7	4.6	99.9	9.9	9.2E+11	2.4E+11	1.9E+11	31.7	3.1
0.358	11.7	2.6	99.9	9.9	99.9	9.9	1.3E+11	4E+10	3E+10	36.1	1.8
1.192	10.6	2.6	7.7	3.5	2.4	5.0	7.6E+11	1.2E+12	4.6E+11	34.9	19.3
0.846	16.7	2.6	31.0	6.3	15.4	5.1	4.6E+11	2.2E+11	1.5E+11	20.8	2.8
0.852	16.1	2.6	0.2	4.7	99.9	9.9	3.7E+11	3.8E+11	1.8E+11	25.5	7.7
0.939	25.9	2.6	31.9	3.3	99.9	9.9	9.6E+11	2.5E+11	2E+11	23.8	2.1
0.726	20.5	2.6	20.6	3.7	5.9	5.3	4.8E+11	1.2E+11	9E+10	26.5	2.3
1.161	99.9	9.9	22.9	3.3	6.3	5.3	8.3E+11	5E+11	3.1E+11	21.9	3.9
0.351	13.4	2.6	99.9	9.9	99.9	9.9	3.8E+10	8.4E+10	2.6E+10	25.0	15.0
0.848	57.2	2.6	34.6	0.2	18.3	5.3	1.8E+12	1E+11	1E+11	31.0	1.4
1.974	21.0	2.7	25.6	5.0	17.8	5.2	3.3E+12	3.1E+12	1.6E+12	25.9	6.3
1.009	11.9	2.7	17.0	4.0	24.7	6.4	3.5E+11	3.4E+11	1.7E+11	13.2	2.1
0.747	13.1	2.7	3.5	4.8	99.9	9.9	8.4E+11	2.3E+11	1.8E+11	47.2	2.1
0.441	17.7	2.6	19.3	3.2	12.3	5.0	8.4E+10	4.2E+10	2.8E+10	17.9	2.7
0.249	50.5	2.6	44.3	3.2	17.6	4.9	1.4E+11	1E+10	1E+10	23.4	0.5
1.897	10.3	2.6	11.5	3.5	5.2	5.1	1.4E+12	6.1E+12	1.1E+12	26.4	17.0
0.292	37.4	2.7	18.0	4.9	15.6	2.5	5.2E+10	2.6E+10	1.7E+10	14.4	1.6
0.605	14.2	2.7	99.9	9.9	99.9	9.9	3E+11	1.3E+11	9E+10	29.0	4.4
0.991	15.3	2.7	11.2	3.3	99.9	9.9	6.2E+11	2.3E+12	4.8E+11	29.3	26.4
0.817	2.9	2.6	16.0	3.6	19.3	5.9	2.5E+11	7.9E+11	1.9E+11	10.7	3.4
0.941	12.4	2.7	12.0	3.2	6.2	5.0	2.7E+11	7.3E+11	1.9E+11	19.9	9.6
0.419	14.5	2.6	3.4	3.7	99.9	9.9	1.1E+11	5E+10	3E+10	28.5	4.5
1.284	20.9	2.6	19.0	3.8	4.0	5.6	1.1E+12	1.9E+12	7E+11	27.2	13.0
0.596	38.5	2.7	16.7	3.6	7.2	5.3	5.8E+11	8E+10	7E+10	28.0	1.5
0.500	5.3	2.6	10.7	3.2	10.4	4.7	3.2E+10	9.2E+10	2.4E+10	10.0	3.0
0.901	99.9	9.9	21.8	3.4	14.7	5.0	3.6E+11	1.2E+12	2.8E+11	15.3	7.3
0.804	9.6	2.6	1.4	3.9	99.9	9.9	4.7E+12	1.5E+12	1.10E+12	0.3	0.0
0.831	15.4	2.6	17.3	3.5	28.6	5.2	4.7E+11	1.6E+11	1.2E+11	19.8	2.0
0.077	74.5	2.7	32.9	3.4	14.8	4.8	1.7E+10	1E+09	1E+09	22.8	0.7
0.651	12.0	2.7	5.9	3.3	1.5	5.1	1.8E+11	2.6E+11	1.1E+11	27.2	11.9
1.165	3.7	2.7	21.2	3.5	1.6	0.1	5.4E+11	2.9E+13	5.3E+11	12.2	10.2
0.803	10.8	2.6	17.2	3.4	17.1	5.2	2E+11	2.3E+11	1E+11	12.8	2.4
0.220	12.2	2.7	99.9	9.9	6.4	8.4	3.5E+10	1.5E+10	1.1E+10	26.5	3.9
0.612	8.1	2.6	1.5	3.5	99.9	9.9	3.5E+11	1.6E+11	1.1E+11	44.8	3.1
1.658	28.2	2.7	17.4	3.5	3.9	5.7	5.4E+12	1.6E+12	1.2E+12	39.5	4.9
0.738	13.4	2.6	5.6	4.3	9.3	5.3	4.3E+11	1.9E+11	1.3E+11	33.0	5.0
0.811	38.2	2.6	27.8	3.3	16.1	5.0	1E+12	1E+11	1E+11	29.7	1.3
0.249	9.3	2.7	14.1	3.4	12.4	4.9	9.1E+09	1.3E+10	5.4E+09	9.40	2.0
0.256	19.0	2.6	99.9	9.9	99.9	9.9	3.1E+10	6.8E+10	2.1E+10	25.0	15.0
0.124	23.1	2.6	8.6	4.7	99.9	9.9	2.5E+10	3E+09	3E+09	30.0	0.9
0.924	19.0	2.6	18.2	3.6	10.8	5.4	5.1E+11	6.9E+11	2.9E+11	19.9	6.1
0.473	12.8	2.7	10.2	6.1	4.8	9.8	1.3E+11	6E+10	4E+10	26.1	3.7
0.219	6.8	2.7	14.7	3.9	2.9	6.6	6E+09	1.5E+09	1.2E+09	8.80	0.0
1.144	27.6	2.7	24.8	4.1	20.3	6.3	9.4E+11	8E+11	4.3E+11	21.6	4.9
0.214	15.0	2.7	4.9	5.4	99.9	9.9	5.3E+10	1.9E+10	1.4E+10	30.1	4.6
0.688	8.9	2.7	13.0	3.2	8.1	5.5	1.3E+11	3.5E+11	9E+10	13.4	4.4
1.209	47.0	2.7	34.1	3.3	18.7	5.0	2.7E+12	4E+11	3E+11	30.4	1.9
0.814	29.1	2.7	20.1	5.5	14.1	6.0	1.2E+12	2E+11	1E+11	34.0	2.4
0.212	12.1	2.6	19.3	3.9	3.3	6.8	2.1E+10	7E+09	5E+09	18.0	1.6
0.536	29.1	2.6	99.9	9.9	99.9	9.9	6.1E+11	1E+11	8E+10	34.1	2.5
0.106	81.1	2.6	49.1	4.0	19.7	4.9	3.3E+10	2E+09	2E+09	21.7	0.7
0.113	15.7	2.6	99.9	9.9	99.9	9.9	5.7E+09	2.3E+09	1.6E+09	18.8	2.0
0.106	10.6	2.6	99.9	9.9	99.9	9.9	3.5E+09	7.6E+09	2.4E+09	25.0	15.0
0.218	51.8	2.7	35.3	4.8	19.0	8.3	5.4E+10	6E+09	6E+09	18.5	0.7
0.922	11.7	2.7	11.8	3.2	12.3	4.9	2.2E+11	3.3E+11	1.3E+11	16.6	4.5
0.961	4.5	2.7	99.9	9.9	18.9	4.7	2E+11	5E+10	4E+10	8.80	0.0
1.213	9.4	2.6	11.4	3.4	11.7	5.2	3.7E+11	6.8E+11	2.4E+11	17.6	5.4
0.903	16.6	2.7	9.8	3.3	6.6	5.0	3.6E+11	3.7E+11	1.8E+11	22.2	5.8
0.206	16.7	2.6	5.9	3.3	99.9	9.9	3.3E+10	1E+10	8E+09	26.1	2.9
1.524	11.5	2.7	99.9	9.9	99.9	9.9	5.5E+11	1.1E+12	3.7E+11	25.0	15.0
0.666	12.8	2.6	6.5	4.2	99.9	9.9	1.6E+11	2.5E+11	1E+11	23.6	9.5
1.256	9.7	2.7	3.7	7.3	10.1	7.9	4.1E+11	4.1E+12	3.8E+11	22.5	19.7
0.575	9.5	2.6	99.9	9.9	99.9	9.9	2.1E+11	1.7E+11	9E+10	32.9	8.0
0.227	13.4	2.6	13.3	3.9	99.9	9.9	1E+10	3.2E+10	7E+09	13.6	6.0
0.374	11.2	2.6	5.0	4.5	1.5	5.2	5E+10	3.5E+10	2E+10	22.6	4.0
0.122	9.3	2.7	99.9	9.9	99.9	9.9	3.3E+09	2.7E+09	1.5E+09	19.1	3.3
0.470	16.1	2.7	3.6	3.3	99.9	9.9	1.5E+11	5E+10	4E+10	27.8	3.3
0.219	9.3	2.7	99.9	9.9	99.9	9.9	2.1E+10	1E+10	7E+09	21.9	2.8
0.365	33.1	2.6	16.8	3.3	2.3	5.3	2.4E+11	3E+10	2E+10	27.3	1.4
0.628	81.2	1.5	58.2	3.3	28.6	6.8	1.9E+12	0E+00	0E+00	32.9	0.8
0.643	19.0	2.7	21.4	3.6	22.7	6.3	1.6E+11	1.2E+11	7E+10	13.5	2.0
0.214	9.1	2.6	9.1	3.7	99.9	9.9	6.5E+09	3.5E+10	5.5E+09	13.9	8.6
1.099	10.2	2.6	7.7	3.3	99.9	9.9	5.6E+11	4.2E+12	4.9E+11	31.8	42.6
1.170	11.5	2.7	13.6	3.3	9.4	5.2	4.1E+11	7.7E+11	2.7E+11	19.2	6.6
0.652	9.8	2.5	9.0	3.8	0.3	9.4	1.1E+11	9.8E+11	9E+10	19.0	16.4
0.309	14.5	2.7	11.7	4.2	99.9	9.9	2.8E+10	1.3E+11	2.3E+10	17.2	12.0
0.839	11.9	2.7	99.9	9.9	6.8	5.8	3.1E+11	7.2E+12	3E+11	27.6	47.9
0.403	16.4	2.6	9.2	3.4	6.3	5.0	9.9E+10	3.5E+10	2.6E+10	24.7	2.6
0.230	62.7	3.4	26.7	3.9	99.9	9.9	3.4E+11	2E+10	2E+10	35.6	0.3
0.619	5.5	3.5	99.9	9.9	99.9	9.9	2.3E+11	4.68E+13	2.3E+11	40.2	94
0.231	32.0	3.5	20.9	4.0	8.6	4.9	4.9E+10	8.1E+10	3E+10	18.9	8.3
1.343	50.7	3.4	44.4	3.9	17.0	4.9	3E+12	1.6E+12	1E+12	27.9	6.2
0.471	27.6	3.4	19.6	4.0	12.7	4.9	2.2E+11	3E+11	1.3E+11	18.6	6.2
0.685	13.3	3.5	6.4	4.1	2.3	5.3	8.7E+11	3E+11	2.2E+11	49.0	2.6
0.825	5.6	3.5	2.5	3.9	99.9	9.9	2.3E+11	1.55E+13	2.3E+11	35.5	21
0.653	31.5	3.5	23.3	4.1	9.9	6.1	3.4E+11	4.7E+11	1.9E+11	22.0	8.9
0.167	3.5	3.4	2.8	3.9	99.9	9.9	2.4E+09	5.15E+11	2.4E+09	14.3	32.3
0.818	9.8	3.6	11.3	4.0	14.0	5.9	1.7E+11	3.6E+11	1.1E+11	13.6	4.0
0.935	13.0	3.5	99.9	9.9	99.9	9.9	1.4E+12	5E+11	4E+11	52.9	3.0
0.740	9.3	3.5	6.4	5.0	99.9	9.9	2.8E+11	1.16E+13	2.7E+11	32.6	89.4
0.607	22.4	3.5	7.8	3.9	99.9	9.9	1.1E+12	2E+11	1E+11	47.2	1.5
1.139	12.6	3.5	14.1	4.0	8.7	4.9	5E+11	1.2E+12	3.6E+11	20.1	8.8
0.343	5.5	3.4	2.2	4.3	99.9	9.9	2.7E+10	1.28E+12	2.6E+10	24.6	60.5
0.947	5.4	3.4	2.9	4.9	99.9	9.9	2.5E+11	1.22E+13	2.5E+11	33.1	92.1
0.470	20.4	3.4	15.0	3.9	2.8	4.9	1.1E+11	2.9E+11	8E+10	21.6	13.9
0.786	11.7	3.5	17.9	4.5	18.5	5.3	2E+11	2.5E+11	1.1E+11	12.7	2.6
0.780	11.0	3.5	4.0	4.1	99.9	9.9	7.8E+11	3.3E+11	2.3E+11	48.2	3.0
0.747	22.2	3.4	13.8	4.1	1.1	4.9	6.5E+11	3.1E+12	5.4E+11	32.5	42.2
0.170	21.2	3.4	12.5	4.1	99.9	9.9	2E+10	9.8E+10	1.6E+10	22.6	25.0
0.119	64.3	3.5	26.6	5.9	35.0	6.1	1.6E+10	8E+09	5E+09	13.4	1.8
0.606	18.0	3.5	7.2	4.1	3.2	5.6	8.3E+11	2.1E+11	1.6E+11	45.6	1.8
0.246	19.9	3.5	11.2	4.3	5.6	5.0	3.6E+10	1.5E+10	1E+10	22.2	2.7
1.070	12.4	3.5	99.9	9.9	99.9	9.9	7.7E+11	7.1E+11	3.7E+11	36.2	11.0
0.961	26.1	3.4	14.9	4.4	3.8	4.9	8E+11	7.6E+11	3.9E+11	25.2	7.5
1.009	21.2	3.5	17.8	3.9	8.0	5.0	6.1E+11	6.2E+11	3E+11	23.6	7.2
0.801	18.1	3.4	6.7	4.1	99.9	9.9	1.4E+12	3E+11	2E+11	49.0	1.9
0.048	31	3.5	62.7	4.2	33.0	5.1	6.1E+09	3E+08	3E+08	16.6	0.3
1.190	25.1	3.4	99.9	9.9	99.9	9.9	1E+12	2.4E+12	7E+11	25.6	13.4
0.389	18.9	3.5	15.4	4.0	18.1	4.8	6.4E+10	5.4E+10	2.9E+10	14.1	2.7
1.298	12.1	3.4	0.4	4.3	4.1	4.9	8.1E+11	9.2E+11	4.3E+11	32.9	12.4
0.391	18.8	3.4	7.2	4.2	1.2	4.9	8.8E+10	4.5E+10	3E+10	23.3	3.6
1.204	28.6	3.5	29.8	4.0	17.7	5.0	1.2E+12	5E+11	3E+11	23.2	3.4
0.833	49.0	3.4	32.2	4.3	4.4	7.7	1.3E+12	1.3E+12	6E+11	28.8	12.4
1.551	20.6	3.5	22.3	3.9	18.1	4.8	1.8E+12	1.5E+12	8E+11	23.4	5.7
0.334	4.6	3.5	17.2	4.0	22.1	4.7	2.5E+10	4E+09	3E+09	8.80	0.0
1.327	19.9	3.5	11.2	4.3	5.6	5.0	1.9E+12	9E+11	6E+11	35.3	6.7
1.417	25.9	3.4	23.7	4.1	99.9	9.9	2.5E+12	7E+11	5E+11	33.3	4.1
1.102	11.5	3.5	6.5	4.0	7.1	4.8	4.7E+11	3.2E+12	4.1E+11	24.5	22.5
0.757	15.6	3.4	10.0	4.4	6.0	5.4	4.2E+11	2.3E+11	1.5E+11	30.7	5.5
0.678	17.3	3.4	6.1	4.9	0.5	4.7	3.6E+11	2E+11	1.2E+11	30.1	5.6
0.676	19.9	3.5	11.2	4.3	5.6	5.0	3.7E+11	1.6E+11	1.1E+11	28.3	4.3
1.939	17.3	3.4	6.1	4.9	0.5	4.7	3.2E+12	3.1E+12	1.6E+12	38.8	12.9
0.368	28.5	3.4	20.6	4.0	21.7	5.6	7.7E+10	2.2E+10	1.7E+10	18.0	1.6
0.362	14.5	3.5	6.1	4.0	5.0	5.0	5.6E+10	3.6E+10	2.2E+10	22.1	4.0
0.679	11.5	3.5	0.3	4.7	99.9	9.9	2.3E+11	2.4E+11	1.1E+11	29.0	8.3
0.802	12.4	3.5	17.6	4.3	99.9	9.9	2.3E+11	3.2E+11	1.3E+11	20.1	6.9
0.676	13.1	3.5	5.0	4.1	99.9	9.9	2.7E+11	2E+11	1.1E+11	30.0	7.2
0.507	21.4	3.5	6.2	3.9	99.9	9.9	2.3E+11	8E+10	6E+10	27.2	3.5
1.019	25.7	3.5	23.3	4.1	12.9	5.1	7.8E+11	4E+11	2.6E+11	24.4	4.5
0.609	11.0	3.4	3.7	4.1	3.4	4.9	1.4E+11	1.2E+11	6E+10	27.5	7.3
0.751	17.1	3.5	16.5	8.8	2.2	8.6	3.3E+11	2.5E+11	1.4E+11	25.0	5.8
0.718	99.9	9.9	3.4	4.3	2.6	4.6	7E+10	3.52E+12	6.8E+10	11.4	10.7
0.842	18.3	3.4	19.7	5.1	11.1	4.7	1.9E+12	1.2E+12	7E+11	42.1	14.8
0.829	15.8	3.5	23.7	3.9	3.9	4.8	5.8E+11	2.1E+11	1.5E+11	25.3	3.1
0.533	11.3	3.4	99.9	9.9	99.9	9.9	1E+11	1.4E+11	6E+10	23.4	8.0
0.801	16.8	3.5	10.2	3.9	2.7	4.8	7E+11	5.5E+12	6.2E+11	36.6	66.8
0.858	27.8	3.4	14.2	4.0	4.2	4.7	9E+11	4.1E+11	2.8E+11	28.2	4.8
0.233	38.7	3.4	29.3	3.9	13.2	4.7	3E+10	2E+10	1.2E+10	15.1	2.8
1.398	12.5	3.5	9.5	4.1	1.5	5.2	1E+12	9E+11	5E+11	34.0	11.2
0.608	12.2	3.4	3.3	4.1	0.7	5.6	1.6E+11	3.2E+11	1E+11	27.8	16.3
0.590	16.6	3.5	12.9	4.9	99.9	9.9	2.4E+11	1.8E+11	1E+11	25.8	6.6
0.844	19.0	3.5	14.5	4.1	14.9	4.8	4.1E+11	2.9E+11	1.7E+11	21.2	4.2
0.143	25.4	3.4	14.1	3.9	99.9	9.9	8.2E+09	4E+09	2.7E+09	15.8	2.0
0.339	10.2	3.4	3.5	3.9	8.1	4.6	2.7E+10	1.1E+11	2.2E+10	14.2	7.1
0.340	12.4	3.5	6.4	4.0	3.3	4.7	5E+10	4.3E+11	4.5E+10	23.6	31.2
0.679	18.6	3.4	11.8	4.3	7.6	5.8	2.1E+11	1.6E+11	9E+10	22.6	5.3
0.836	13.1	3.4	9.8	4.0	5.4	5.7	3.7E+11	3.2E+11	1.7E+11	26.3	7.3
1.851	26.9	3.3	22.8	4.0	0.5	5.1	4.2E+12	7.7E+12	2.7E+12	35.2	20.5
0.359	22.0	3.6	15.3	4.0	4.5	4.7	1.4E+11	3.9E+11	1E+11	21.8	14.5
0.812	16.9	3.4	6.5	4.3	99.9	9.9	5.9E+11	3.6E+11	2.2E+11	30.1	6.2
1.521	17.4	3.5	15.4	3.9	4.6	4.6	2.3E+12	1.3E+12	8E+11	36.7	8.6
0.811	12.9	3.5	4.8	3.9	99.9	9.9	2.9E+11	4.3E+11	1.7E+11	26.2	10.5
0.289	26.1	3.4	14.9	4.4	3.8	4.9	6.4E+10	2.2E+10	1.6E+10	20.8	2.3
0.798	33.9	3.4	31.7	4.8	7.2	5.9	6.2E+11	2.4E+11	1.7E+11	22.3	3.0
1.033	6.5	3.5	99.9	9.9	99.9	9.9	1.1E+12	9E+11	5E+11	62.0	7.0
0.742	19.6	3.5	7.4	3.9	1.9	4.6	3.6E+11	3.9E+11	1.8E+11	23.9	7.5
0.719	8.9	3.4	99.9	9.9	99.9	9.9	2.8E+11	2.16E+13	2.8E+11	35.1	23
0.286	19.9	3.5	11.2	4.3	5.6	5.0	8.9E+10	2.8E+10	2.1E+10	26.2	2.8
0.304	47.0	3.4	34.0	5.5	29.9	5.2	1.1E+11	1E+10	1E+10	19.3	0.9
1.268	22.2	3.4	16.9	3.9	8.4	5.0	1.4E+12	5E+11	4E+11	31.8	4.8
1.268	13.0	3.5	1.8	4.2	1.4	5.6	1.4E+12	1.1E+12	6E+11	39.5	11.0
0.174	9.5	3.4	0.8	6.1	4.9	4.9	5.5E+09	2.9E+10	4.7E+09	13.8	8.5
0.188	26.9	3.3	22.8	4.0	0.5	5.1	1.7E+10	9E+09	6E+09	14.4	2.0
0.776	10.4	3.5	1.8	6.0	99.9	9.9	6.8E+11	3.4E+11	2.3E+11	47.3	3.4
1.356	18.9	3.4	20.4	6.2	99.9	9.9	1E+12	3.9E+12	8E+11	25.6	17.3
0.963	18.0	3.4	11.2	4.8	8.6	5.1	8.2E+11	4.1E+11	2.7E+11	30.8	5.5
1.122	28.0	3.4	21.1	5.1	99.9	9.9	1.1E+12	6E+11	3E+11	27.1	5.1
0.587	6.3	3.4	13.7	5.1	16.7	4.7	8.2E+10	1.9E+11	5.8E+10	9.40	2.6
0.651	16.3	3.4	24.5	6.4	99.9	9.9	1.8E+11	2E+11	9E+10	18.8	5.1
1.063	16.5	3.5	15.1	4.0	6.8	4.8	6.3E+11	5.5E+11	2.9E+11	25.7	7.3
0.071	12.6	3.5	6.3	4.5	99.9	9.9	2.9E+09	1.17E+11	2.9E+09	24.4	64.4
0.088	36.0	3.4	20.6	3.9	7.6	4.7	3.6E+09	2.2E+09	1.3E+09	13.6	2.1
0.308	15.5	3.5	7.4	4.8	99.9	9.9	4.6E+10	3E+10	1.8E+10	22.1	3.9
1.271	16.1	3.4	10.8	3.9	1.9	4.9	8.7E+11	1.7E+12	5.7E+11	29.6	16.8
0.288	19.7	3.5	10.4	4.2	0.8	4.9	1.2E+11	2.1E+12	1.2E+11	32.7	85.3
0.305	11.0	3.5	6.5	5.5	99.9	9.9	2.6E+10	6.9E+11	2.5E+10	20.3	32.4
1.271	19.5	3.4	18.3	6.2	99.9	9.9	1.2E+12	6E+11	4E+11	31.1	6.3
0.915	14.0	3.5	4.4	4.5	0.5	4.8	7.6E+11	4.5E+11	2.8E+11	37.7	8.5
0.017	31.4	3.6	22.0	3.9	7.4	4.7	1.3E+08	1.9E+08	8E+07	14.5	5.0
0.344	12.2	3.5	15.1	4.3	99.9	9.9	2.5E+10	7.8E+10	1.9E+10	12.4	4.9
0.275	28.9	3.5	20.6	3.9	10.0	4.9	4.6E+10	1.5E+10	1.1E+10	17.9	1.8
1.707	15.8	3.5	2.7	4.6	99.9	9.9	8.4E+12	2.5E+12	1.9E+12	81.3	3.8
0.435	19.9	3.5	11.2	4.3	5.6	5.0	1.4E+11	6E+10	4E+10	25.6	3.3
1.461	14.5	3.5	16.4	3.9	6.1	4.8	1.1E+12	1.1E+12	5E+11	28.6	9.0
0.845	11.6	3.5	6.3	4.0	99.9	9.9	9.7E+11	4E+11	2.8E+11	48.9	3.0
0.875	11.6	3.5	6.3	4.0	99.9	9.9	3E+11	3.5E+11	1.6E+11	28.1	9.6
0.915	27.8	3.5	6.7	4.0	2.6	4.6	7.6E+11	1E+12	4.4E+11	24.6	9.5
0.701	12.4	3.5	15.2	4.6	18.8	5.1	1.7E+11	2E+11	9E+10	12.4	2.4
0.473	16.0	3.5	9.4	4.1	8.3	5.0	9.9E+10	5.5E+10	3.5E+10	22.5	3.9
0.514	47.5	3.5	21.9	6.9	5.0	4.8	4.4E+11	8E+10	7E+10	24.6	1.6
0.279	35.2	3.5	20.4	3.9	99.9	9.9	1.1E+11	2.1E+11	7E+10	24.2	15.9
1.066	15.9	3.4	3.6	6.7	99.9	9.9	5.6E+11	6.6E+11	3E+11	26.3	8.2
1.038	12.4	3.5	7.3	4.1	1.1	4.6	2E+12	7E+11	5E+11	58.2	3.2
0.360	6.3	3.5	99.9	9.9	99.9	9.9	5.4E+10	7.54E+12	5.3E+10	31.9	38
1.354	15.3	3.4	1.9	7.1	33.3	5.1	1.3E+12	9E+11	5E+11	14.7	2.1
0.978	15.3	3.4	1.9	7.1	33.3	5.1	5.9E+11	4.2E+11	2.4E+11	12.4	1.7
0.360	8.5	3.5	1.8	4.0	3.0	4.6	4.1E+10	5.6E+11	3.8E+10	23.4	35.4
1.065	14.9	3.4	8.6	3.9	1.5	4.5	2.2E+12	6E+11	5E+11	55.6	2.5
0.819	11.8	3.5	16.1	4.0	12.3	4.7	3.7E+11	2.4E+11	1.4E+11	22.1	4.1
0.820	15.8	3.5	2.7	4.6	99.9	9.9	1.5E+12	4E+11	3E+11	53.7	2.5
0.154	23.8	3.4	28.5	7.5	66.4	5.1	4.1E+10	8E+09	6E+09	18.9	2.4
0.710	10.8	3.4	9.0	4.1	3.8	5.2	1.5E+11	8.2E+11	1.2E+11	21.8	18.8
0.274	34.6	3.5	30.4	4.0	10.7	5.4	7.2E+10	6.3E+10	3.3E+10	14.6	3.0
0.386	22.7	3.5	13.3	4.0	99.9	9.9	7.9E+10	9.3E+10	4.3E+10	18.5	5.6
1.036	12.3	3.4	9.6	4.2	2.8	5.0	1.1E+12	1.1E+12	5E+11	38.1	15.8
0.288	43.3	3.4	33.3	3.9	15.9	5.1	1.4E+11	2E+10	1E+10	21.6	1.0
0.922	10.1	3.5	20.5	4.2	99.9	9.9	2.9E+11	9.8E+11	2.2E+11	13.8	5.1
1.037	11.5	3.4	8.6	4.3	99.9	9.9	7.1E+11	9.4E+12	6.6E+11	35.5	68.6
0.119	12.4	3.5	9.4	3.9	99.9	9.9	6.8E+09	4E+09	2.5E+09	19.6	3.1
1.300	15.0	3.4	99.9	9.9	99.9	9.9	1.1E+12	9E+11	5E+11	34.2	9.1
0.337	10.2	3.5	5.0	3.9	6.0	5.4	2.5E+10	5.8E+11	2.4E+10	17.0	20.5
0.581	29.6	3.4	17.2	4.6	99.9	9.9	3.3E+11	9E+10	7E+10	25.3	2.5
0.918	11.4	3.5	11.5	4.0	0.4	6.0	4E+11	3.6E+11	1.9E+11	26.8	7.7
1.384	14.1	3.5	14.7	4.0	99.9	9.9	8.1E+11	2.9E+12	6.3E+11	24.9	16.7
0.685	10.9	3.6	99.9	9.9	99.9	9.9	1.7E+11	1.9E+11	9E+10	27.5	8.4
0.754	11.3	3.4	6.1	3.9	99.9	9.9	2.8E+11	3E+11	1.4E+11	28.0	8.9
0.724	22.2	3.5	19.7	4.0	6.5	7.7	4E+11	1.7E+11	1.2E+11	24.1	3.7
0.583	14.5	3.5	0.5	4.0	0.8	5.0	1.4E+11	1.4E+11	7E+10	23.8	6.4
1.387	36.4	3.4	40.1	4.4	99.9	9.9	2.2E+12	1.4E+12	8E+11	23.6	4.6
1.614	11.5	3.5	14.2	3.9	10.9	5.2	1.1E+12	2.6E+12	8E+11	22.1	9.0
1.512	28.4	3.5	14.2	4.1	99.9	9.9	1E+13	1E+12	1E+12	70.8	1.7
0.878	18.2	3.4	13.4	3.9	9.9	4.7	5.2E+11	2.8E+11	1.8E+11	25.9	5.0
1.170	13.7	3.4	11.9	3.9	99.9	9.9	7.8E+11	6.9E+11	3.6E+11	29.2	8.3
0.767	14.0	3.5	9.8	4.0	6.5	5.2	2.3E+11	1.4E+12	2E+11	23.1	21.1
0.797	14.0	3.5	9.8	4.0	6.5	5.2	2.6E+11	1.5E+12	2.2E+11	23.5	21.8
1.101	15.3	3.4	10.4	3.9	3.9	5.1	9.1E+11	4.4E+12	7.6E+11	34.2	41.7
0.771	12.3	3.5	6.2	4.0	99.9	9.9	2.4E+11	2.7E+11	1.3E+11	26.6	9.1
1.154	11.3	3.5	4.0	4.6	0.3	6.7	2E+12	8E+11	6E+11	60.3	3.9
0.480	24.3	3.4	14.8	3.9	99.9	9.9	1.8E+11	6E+10	4E+10	24.1	2.8
0.631	72.9	3.4	45.6	4.7	21.7	7.9	1.2E+12	1E+11	1E+11	27.2	1.1
0.500	15.1	3.4	13.1	3.9	1.6	4.9	9.8E+10	4E+11	7.9E+10	19.3	13.3
0.934	25.7	4.4	18.8	4.7	15.5	4.0	5.2E+11	5.1E+11	2.5E+11	20.7	5.9
0.519	22.0	4.4	11.5	4.7	6.5	4.0	2.2E+11	9.6E+11	1.8E+11	26.3	27.9
0.465	36.1	4.4	18.4	4.7	5.3	4.1	5.2E+11	2.2E+12	4.2E+11	33.6	49.3
1.004	10.8	4.4	13.8	4.7	16.1	4.0	3.1E+11	4.3E+11	1.8E+11	14.2	3.5
0.612	26.3	4.4	15.3	4.7	8.9	4.0	1.9E+11	1.1E+11	7E+10	19.0	2.9
0.810	20.9	4.4	13.8	4.7	14.2	4.2	3.6E+11	2.3E+11	1.4E+11	20.6	3.8
0.387	33.9	4.4	15.1	4.7	7.7	4.0	4E+11	1.5E+12	3.2E+11	32.7	42.3
1.009	23.7	4.4	19.3	4.7	17.0	4.0	5.7E+11	5E+11	2.6E+11	19.7	4.7
0.298	17.3	4.4	8.1	4.7	5.0	4.0	5.2E+10	6.2E+11	4.8E+10	24.0	38.9
1.043	29.4	4.4	21.7	4.7	9.6	4.0	6.3E+11	4.4E+11	2.6E+11	19.7	3.2
0.489	24.6	4.4	27.8	4.7	24.9	4.0	1.1E+11	6E+10	4E+10	12.4	1.6
1.261	68.9	4.4	56.7	4.7	32.1	4.0	3.6E+12	1.2E+12	9E+11	27.1	4.1
1.213	15.8	4.4	7.8	4.8	3.8	4.3	2.5E+12	4E+13	2.3E+12	53.5	52
1.106	51.0	4.4	44.3	4.7	27.7	4.0	1.6E+12	7E+11	4E+11	23.1	3.8
0.399	43.1	4.4	41.2	4.7	31.7	4.1	1.1E+11	4E+10	3E+10	13.3	1.3
0.576	16.7	4.4	15.9	4.7	5.5	4.0	9E+10	1.5E+11	5.7E+10	14.7	4.0
0.552	22.7	4.4	10.7	4.8	0.3	4.2	1.4E+11	1E+11	6E+10	19.7	3.4
1.378	32.1	4.4	28.4	4.8	15.5	4.0	1.8E+12	1.6E+12	8E+11	27.3	8.8
0.474	18.2	4.4	7.6	4.7	99.9	9.9	5.2E+10	1.6E+11	3.9E+10	14.1	4.9
0.212	29.9	4.4	22.1	4.7	15.1	4.2	2E+10	1.8E+10	9E+09	14.1	3.2
1.264	15.8	4.4	12.4	7.5	99.9	9.9	1E+12	3.1E+13	1E+12	33.9	74.1
0.091	30.2	4.4	14.1	5.0	99.9	9.9	2E+10	3E+11	1.9E+10	30.5	77.7
0.506	2.4	4.4	4.0	4.8	12.9	4.2	2.8E+10	9E+09	7E+09	8.80	0.0
1.009	29.1	4.4	21.0	4.7	14.6	4.1	7.8E+11	8.2E+11	4E+11	23.8	8.1
0.510	21.3	4.4	28.1	4.9	18.2	4.2	1E+11	6E+10	4E+10	12.9	1.8
0.474	17.9	4.4	6.4	4.8	99.9	9.9	3.5E+11	1.2E+11	9E+10	38.0	2.1
0.454	23.3	4.4	5.9	5.0	5.3	4.1	4.4E+11	2.21E+13	4.3E+11	37.8	42
1.213	20.9	4.4	5.0	4.9	99.9	9.9	3.3E+12	1E+12	7E+11	54.3	2.9
1.219	14.8	4.4	6.3	4.7	2.5	4.0	2.4E+12	1E+12	7E+11	55.4	3.8
0.294	20.0	4.4	7.2	5.0	99.9	9.9	2.5E+10	8.2E+10	1.9E+10	14.6	6.3
0.466	15.8	4.4	7.4	4.8	0.2	4.2	3.1E+11	1.2E+11	8E+10	38.1	2.5
0.997	36.5	4.4	25.3	4.7	15.2	4.0	1.2E+12	1.1E+12	5E+11	26.3	9.1
1.141	10.0	4.4	99.9	9.9	12.9	4.3	3.6E+11	5E+11	2.1E+11	16.4	3.8
1.135	12.5	4.4	16.4	4.7	10.8	5.0	4.9E+11	1.1E+12	3.4E+11	18.4	7.4
1.216	15.7	4.4	24.6	4.8	21.1	4.6	7.2E+11	5.1E+11	3E+11	17.0	2.7
0.522	26.0	4.4	5.9	4.7	99.9	9.9	7.1E+11	1.6E+11	1.3E+11	40.7	1.5
1.153	57.8	4.4	48.3	4.7	30.6	4.0	2E+12	7E+11	5E+11	24.1	3.7
0.287	16.3	4.4	10.0	4.7	8.9	4.0	2.3E+10	5.7E+10	1.6E+10	14.7	6.3
0.116	64.3	4.4	24.7	4.7	7.1	4.0	6.1E+10	5E+09	4E+09	29.9	0.4
0.113	64.3	4.4	24.7	4.7	7.1	4.0	5.9E+10	4E+09	4E+09	29.8	0.4
0.435	14.6	4.4	99.9	9.9	99.9	9.9	6.8E+10	8.4E+10	3.7E+10	20.7	4.8
0.492	21.0	4.4	1.7	4.9	99.9	9.9	5.4E+11	1.5E+11	1.2E+11	41.3	1.9
0.840	23.6	4.4	8.8	4.8	99.9	9.9	1.8E+12	4E+11	3E+11	47.8	1.9
0.610	20.5	4.4	18.3	4.9	8.6	4.7	1.6E+11	3.6E+11	1.1E+11	18.6	8.7
0.909	32.3	4.4	17.3	4.8	99.9	9.9	6E+11	6.6E+11	3.1E+11	21.5	5.8
0.938	13.5	4.4	16.1	4.8	1.7	7.7	3.2E+11	1.4E+12	2.6E+11	18.8	11.0
1.267	18.9	4.4	11.0	4.7	7.9	4.4	1.1E+12	4E+12	9E+11	32.1	29.9
0.558	23.8	4.4	5.0	4.8	99.9	9.9	6.4E+11	1.6E+11	1.3E+11	38.8	1.7
0.622	29.3	4.4	20.5	4.8	7.9	4.0	3.1E+11	5.5E+11	2E+11	23.8	13.0
0.425	18.7	4.4	99.9	9.9	99.9	9.9	3.5E+11	1.2E+11	8E+10	39.3	2.0
0.793	23.7	4.4	13.9	4.9	7.9	4.9	5.8E+11	2E+12	4.5E+11	28.5	26.2
0.848	18.1	4.4	15.4	4.7	6.9	4.0	2.4E+11	3.8E+11	1.5E+11	18.0	5.3
0.939	8.9	4.4	15.6	4.9	99.9	9.9	2.5E+11	2.3E+12	2.3E+11	14.0	8.1
0.814	39.7	4.4	24.7	4.7	15.5	4.0	8E+11	7E+11	3.7E+11	25.2	8.5
0.829	15.8	4.4	5.2	4.7	2.9	4.1	1.3E+12	5E+11	3E+11	49.1	2.9
0.905	19.7	4.4	6.8	5.0	2.8	4.1	1.8E+12	5E+11	4E+11	50.7	2.6
1.089	32.5	4.4	16.8	4.9	99.9	9.9	3.8E+12	6E+11	5E+11	50.1	1.7
0.424	15.9	4.4	7.1	5.1	2.7	5.0	3E+11	1.1E+11	8E+10	39.3	2.2
1.215	28.7	4.4	27.2	4.7	17.4	4.0	1.1E+12	9E+11	5E+11	22.9	5.9
0.982	48.0	4.4	32.7	4.7	15.5	4.0	1.5E+12	1.2E+12	6E+11	28.9	10.2
0.696	13.3	4.4	14.4	4.7	11.5	4.0	1.1E+11	1.1E+11	5E+10	13.8	2.4
0.681	22.3	4.4	12.4	4.7	0.3	4.3	1.4E+12	3.4E+13	1.4E+12	48.2	62
1.049	38.5	4.4	28.9	4.7	15.0	4.6	1.2E+12	1.1E+12	6E+11	26.6	9.4
0.410	21.8	4.4	9.7	5.3	0.3	4.4	3.4E+11	9E+10	7E+10	37.7	1.7
0.648	74.4	4.4	37.8	4.7	14.8	4.0	2.5E+12	2.6E+12	1.2E+12	38.4	25.3
0.973	21.4	4.4	13.6	4.8	6.5	4.4	8.5E+11	3.3E+12	6.7E+11	31.0	32.5
1.449	19.3	4.4	16.0	4.7	15.4	4.0	9.5E+11	7.4E+11	4.1E+11	20.5	3.7
1.149	13.6	4.4	8.5	7.5	99.9	9.9	4.6E+11	1.3E+12	3.4E+11	23.2	10.1
1.214	15.9	4.4	11.1	4.7	4.6	4.3	5.6E+11	1.5E+12	4.1E+11	22.6	10.5
0.189	32.7	4.4	17.9	4.8	13.3	5.0	2.2E+10	3.2E+10	1.3E+10	16.9	6.5
1.140	35.4	4.4	28.4	4.8	5.5	6.7	1.5E+12	2.1E+12	9E+11	28.4	13.8
1.518	52.8	4.4	47.2	4.7	26.8	4.0	3.7E+12	1.6E+12	1.1E+12	28.3	5.4
0.571	16.0	4.4	17.6	4.7	13.5	4.0	1E+11	8E+10	4E+10	14.4	2.6
0.734	14.5	4.4	99.9	9.9	99.9	9.9	1E+12	4E+11	3E+11	48.9	3.5
0.975	16.3	4.4	28.8	5.0	12.0	6.3	5.5E+11	9.7E+11	3.5E+11	15.2	4.3
1.167	17.6	4.4	9.1	5.2	8.0	4.4	9.3E+11	6.4E+11	3.8E+11	29.9	5.7
0.958	32.8	4.4	24.9	4.7	16.0	4.2	8.5E+11	7.9E+11	4.1E+11	23.2	7.1
0.230	26.3	4.4	24.1	5.0	15.0	5.1	1.9E+10	1.2E+10	7E+09	12.9	1.7
0.773	23.6	4.4	17.0	4.7	13.4	4.0	3.2E+11	3.8E+11	1.7E+11	19.6	6.1
0.824	24.4	4.4	16.9	4.7	6.4	4.0	5.9E+11	1.5E+12	4.2E+11	27.5	21.0
0.667	13.6	4.4	9.2	4.9	99.9	9.9	2.9E+11	6.7E+12	2.8E+11	30.7	70.6
1.205	38.8	4.4	29.6	4.7	18.4	4.0	1.5E+12	9E+11	5E+11	24.4	5.2
0.188	40.9	4.4	17.3	4.8	7.6	4.3	1E+11	1E+10	1E+10	31.3	0.8
0.188	40.9	4.4	17.3	4.8	7.6	4.3	1E+11	1E+10	1E+10	31.3	0.8
1.305	19.9	4.4	14.2	4.7	3.4	4.0	7.5E+11	1.1E+12	4.5E+11	23.1	7.7
0.488	22.5	4.4	12.9	4.7	0.4	4.0	4E+11	5E+12	3.7E+11	35.5	84.3
0.090	42.6	4.4	16.7	4.8	6.3	4.4	2.5E+10	3E+09	2E+09	29.9	0.6
0.958	35.8	4.4	35.6	4.7	29.9	4.0	7.6E+11	3.2E+11	2.2E+11	17.7	2.2
1.423	24.1	4.4	17.6	4.7	5.6	4.0	1.2E+12	1E+12	5E+11	24.8	5.2
1.227	39.9	4.4	43.3	4.7	34.5	4.0	1.2E+12	4E+11	3E+11	17.4	1.4
0.376	14.1	4.4	4.5	4.7	99.9	9.9	4.6E+10	6.6E+10	2.7E+10	21.1	7.3
0.277	47.6	4.4	15.7	5.0	0.4	5.4	3.2E+11	3E+10	3E+10	34.7	0.6
0.924	7.2	4.4	11.1	5.9	13.6	4.4	2E+11	5.6E+11	1.5E+11	12.6	4.5
0.598	25.6	4.4	20.5	4.7	13.6	4.0	1.7E+11	1.9E+11	9E+10	17.8	5.1
0.456	19.8	4.4	12.0	4.7	5.0	4.0	1.2E+11	6.5E+11	1E+11	23.8	26.0
0.855	18.1	4.4	0.2	5.2	99.9	9.9	1.4E+12	4E+11	3E+11	47.9	2.8
0.590	29.4	4.4	6.7	5.4	99.9	9.9	8.5E+11	1.8E+11	1.4E+11	38.7	1.9
0.572	22.6	4.4	22.9	4.9	15.8	4.1	1.3E+11	1.2E+11	6E+10	15.2	3.3
0.941	22.6	4.4	22.9	4.9	15.8	4.1	4.6E+11	4.5E+11	2.3E+11	18.8	4.7
0.485	31.1	4.4	9.6	4.7	99.9	9.9	6.4E+11	1.2E+11	1E+11	38.3	1.3
0.855	16.8	4.4	7.6	4.7	2.6	4.1	1.3E+12	4E+11	3E+11	47.7	2.8
1.303	33.8	4.4	34.0	4.7	26.7	4.1	1.3E+12	5E+11	4E+11	19.6	2.2
1.302	33.8	4.4	34.0	4.7	26.7	4.1	1.3E+12	5E+11	4E+11	19.6	2.2
1.320	25.0	4.4	11.5	4.7	4.3	4.2	9.4E+11	2.3E+12	6.6E+11	21.1	8.0
1.024	41.5	4.4	35.1	4.8	11.4	4.4	1E+12	5E+11	3E+11	21.5	3.1
0.477	14.1	4.4	19.4	5.0	22.9	4.4	6.5E+10	5.7E+10	3E+10	10.2	1.6
0.452	23.9	4.4	13.5	4.9	5.2	4.3	2E+11	1.1E+12	1.6E+11	26.6	32.7
0.986	15.0	4.4	8.1	4.7	5.0	4.1	8.8E+11	1.31E+13	8.3E+11	35.2	68.6
0.497	17.5	4.4	9.3	4.7	2.8	4.0	3.9E+11	6.4E+12	3.7E+11	37.8	5
0.984	22.1	4.4	19.5	4.7	14.2	4.1	5.1E+11	5.9E+11	2.7E+11	20.2	6.2
1.184	19.3	4.4	14.1	4.7	10.3	4.1	7E+11	6E+11	3.2E+11	23.3	5.2
0.277	26.9	4.4	8.4	4.7	4.1	4.0	2.1E+11	4E+10	3E+10	36.7	1.2
0.954	74.1	4.4	47.9	4.7	20.0	4.0	2.7E+12	1.5E+12	9E+11	31.5	9.4
0.708	13.8	4.4	6.0	4.7	1.6	4.0	8.2E+11	3.7E+11	2.5E+11	47.0	3.1
0.831	35.1	4.4	26.1	4.7	12.3	4.0	7.7E+11	8.3E+11	4E+11	24.9	9.5
1.328	78.5	4.4	57.7	4.7	32.3	4.0	4.5E+12	1.5E+12	1.1E+12	30.2	5.1
1.313	17.9	4.0	35.5	4.3	3.9	5.2	1.1E+12	1.7E+12	7E+11	16.5	4.0
0.866	14.7	4.4	6.6	4.3	4.0	4.4	6.9E+11	6.6E+12	6.2E+11	36.1	68.3
0.961	38.0	4.4	19.6	4.8	5.9	6.7	5.1E+12	6E+11	6E+11	55.6	1.2
0.961	19.6	4.3	14.5	4.3	99.9	9.9	7E+11	2.9E+12	5.6E+11	29.0	28.9
1.114	85.9	4.2	66.4	4.4	31.8	4.5	3.3E+12	1E+12	8E+11	27.5	4.2
0.962	13.2	4.3	8.6	4.3	1.4	4.7	1.1E+12	3.5E+13	1.1E+12	45.0	48
1.317	21.4	4.3	99.9	9.9	2.0	4.6	4.4E+12	1.2E+12	9E+11	59.2	2.7
1.110	8.6	4.3	19.0	4.3	99.9	9.9	4.5E+11	2.9E+12	3.9E+11	15.2	8.4
0.721	16.8	4.3	10.9	4.9	5.2	6.0	3E+11	1.4E+12	2.5E+11	26.2	26.0
0.808	15.2	4.3	2.3	4.8	99.9	9.9	1.1E+12	4E+11	3E+11	49.8	3.0
1.058	18.2	4.3	13.0	4.3	3.1	4.5	1E+12	5E+12	8E+11	35.0	45.9
0.737	22.3	4.3	9.3	4.3	99.9	9.9	1.3E+12	3E+11	2E+11	46.7	1.8
1.123	11.6	4.3	13.8	4.3	0.9	5.2	4.4E+11	2.5E+12	3.8E+11	21.1	15.5
1.317	38.9	4.3	33.6	4.4	14.9	4.8	2.2E+12	1.9E+12	1E+12	28.1	9.1
0.619	10.5	4.2	14.4	4.5	12.9	4.5	1E+11	1.8E+11	6E+10	12.5	3.5
1.283	13.8	4.3	11.5	4.4	1.3	4.8	1E+12	7.9E+12	9E+11	33.6	46.5
0.700	55.3	4.3	56.4	4.9	60.7	5.7	5.7E+11	1.5E+11	1.2E+11	14.0	0.9
1.518	16.1	4.3	99.9	9.9	11.9	4.7	1.3E+12	2.8E+12	8E+11	24.4	11.3
1.113	16.6	4.3	15.1	4.6	6.8	4.8	5.9E+11	2.1E+12	4.7E+11	24.0	16.7
1.318	25.0	4.3	19.8	4.3	15.2	4.6	1.6E+12	2E+12	9E+11	25.3	9.1
0.898	16.7	4.3	21.3	4.4	20.4	4.7	3.7E+11	3.4E+11	1.7E+11	14.7	2.8
1.182	42.9	4.3	27.2	4.9	5.2	6.5	5.8E+12	1.1E+13	3.8E+12	43.9	36.3
0.483	14.6	4.3	5.8	4.3	99.9	9.9	4.1E+11	1.6E+11	1.1E+11	42.9	2.6
1.060	47.6	5.6	39.6	4.3	28.1	4.6	1.4E+12	7E+11	5E+11	22.1	4.2
0.977	5.8	4.3	11.8	4.4	16.9	5.3	2.6E+11	1E+12	2E+11	11.0	4.0
1.603	15.1	4.3	14.4	4.3	11.3	4.5	1.3E+12	2.5E+12	8E+11	25.0	11.7
0.902	13.7	4.3	9.6	4.8	99.9	9.9	4.8E+11	8.1E+12	4.5E+11	31.0	60.1
0.424	15.3	4.3	15.7	4.3	19.5	4.7	5.1E+10	5E+10	2.5E+10	10.8	1.9
0.747	19.2	4.3	23.9	4.4	15.3	4.7	2.3E+11	2.5E+11	1.2E+11	15.6	3.6
1.196	13.2	4.3	99.9	9.9	99.9	9.9	2.3E+12	1.1E+12	7E+11	58.9	4.3
1.096	14.7	4.3	12.2	4.3	99.9	9.9	7.2E+11	4.7E+12	6.2E+11	29.9	36.1
0.951	19.2	4.3	24.0	4.4	29.2	5.0	5.2E+11	3.6E+11	2.1E+11	13.8	1.9
1.224	16.2	4.3	17.2	4.4	0.4	4.9	8.4E+11	3E+12	6.6E+11	23.2	14.6
0.855	23.8	4.2	33.3	4.6	33.1	6.0	4.7E+11	2.9E+11	1.8E+11	13.8	1.8
1.010	49.9	4.3	43.4	4.3	29.9	4.7	1.4E+12	6E+11	4E+11	21.4	3.2
1.299	10.5	4.3	6.0	4.3	4.7	4.5	6.4E+11	2.29E+13	6.3E+11	30.2	58.8
0.998	14.2	4.2	16.1	7.4	99.9	9.9	3.6E+11	3.4E+12	3.3E+11	20.1	16.6
1.006	22.4	4.3	21.0	4.7	13.3	4.7	6.8E+11	9.2E+11	3.9E+11	20.9	7.0
1.111	19.2	4.3	19.3	4.5	8.2	5.1	7.5E+11	1.7E+12	5.2E+11	22.3	10.8
0.181	16.5	4.3	18.5	4.3	14.9	4.6	9.1E+09	1E+10	4.9E+09	10.3	2.1
0.706	12.9	4.3	7.4	4.7	99.9	9.9	7.9E+11	3.5E+11	2.4E+11	46.8	3.1
0.901	16.9	4.3	15.9	4.3	4.2	6.8	3.7E+11	1.2E+12	2.9E+11	22.4	14.9
1.411	14.0	4.3	11.5	4.4	3.5	4.7	1.3E+12	6.9E+12	1.1E+12	35.5	43.6
0.900	59.2	4.3	52.6	4.5	25.1	4.7	1.2E+12	5E+11	3E+11	22.1	3.7
0.888	14.8	4.3	99.9	9.9	99.9	9.9	1.3E+12	6E+11	4E+11	50.7	3.3
0.892	16.2	4.3	42.5	4.4	26.0	4.9	5.1E+11	4E+11	2.2E+11	14.1	2.3
1.016	15.3	4.3	7.0	4.4	99.9	9.9	2.2E+12	8E+11	6E+11	56.5	3.2
0.742	14.5	4.3	12.3	4.4	11.5	4.7	2E+11	3.9E+11	1.3E+11	16.5	5.8
1.411	24.8	4.3	23.8	4.9	20.9	4.5	1.4E+12	1.1E+12	6E+11	21.9	4.9
1.507	20.3	4.3	7.1	5.1	99.9	9.9	6.2E+12	1.8E+12	1.3E+12	66.0	3.0
1.640	46.9	4.3	5.4	7.7	99.9	9.9	1.5E+13	1E+12	1E+12	65.1	1.4
0.867	21.3	4.3	15.8	4.4	99.9	9.9	5.1E+11	1.7E+12	3.9E+11	26.1	21.5
0.826	32.9	4.3	41.6	4.7	55.3	4.5	6.2E+11	1.9E+11	1.4E+11	12.3	0.8
1.414	41.5	4.3	45.9	4.3	35.2	4.5	2.4E+12	9E+11	7E+11	21.6	2.7
0.751	59.9	4.3	46.9	5.0	40.5	6.1	1E+12	4E+11	3E+11	18.3	2.2
1.232	15.8	4.3	15.1	4.9	99.9	9.9	7.5E+11	4.2E+12	6.4E+11	24.9	21.1
0.942	21.2	4.3	22.1	4.4	99.9	9.9	4.7E+11	9.8E+11	3.2E+11	19.3	7.8
1.303	23.8	4.3	20.3	4.8	5.6	5.5	1.2E+12	3.4E+12	9E+11	26.7	17.2
0.890	10.8	4.3	19.4	4.4	4.1	4.8	2.7E+11	8.2E+11	2E+11	16.3	7.3
0.903	31.2	4.3	29.9	4.4	30.2	4.6	6.8E+11	3.4E+11	2.2E+11	16.3	2.1
1.302	29.2	4.3	25.3	4.4	19.5	4.6	1.3E+12	1E+12	5E+11	23.4	6.0
0.916	23.8	4.3	35.3	4.3	27.2	4.6	5.9E+11	3.5E+11	2.2E+11	15.2	2.1
0.826	18.1	4.3	10.7	4.3	4.7	4.6	5.6E+11	5.1E+12	5E+11	31.4	51.1
1.092	27.2	4.3	14.7	4.3	7.1	4.6	2.6E+12	1.2E+13	2.1E+12	44.3	69.7
1.259	73.1	4.3	39.5	5.0	31.0	5.1	4.4E+12	2.2E+12	1.4E+12	32.7	8.4
0.957	16.8	4.3	16.0	4.5	13.1	4.9	3.8E+11	6E+11	2.3E+11	18.5	6.2
0.998	15.2	4.3	12.3	4.4	10.1	4.5	4.6E+11	1E+12	3.2E+11	20.7	9.7
1.153	20.3	4.3	16.3	4.6	4.9	5.2	1.1E+12	3.1E+12	8E+11	30.6	24.9
0.817	16.1	4.3	7.8	4.4	99.9	9.9	1.1E+12	4E+11	2E+11	46.6	2.6
1.274	19.8	4.3	21.4	4.5	12.4	5.2	9.2E+11	1.4E+12	5.6E+11	22.2	8.3
1.220	15.8	4.3	9.3	4.3	3.1	4.5	2.6E+12	4.3E+13	2.5E+12	54.5	57
1.188	22.0	4.3	36.0	4.3	15.8	4.7	9.8E+11	8.8E+11	4.6E+11	18.2	3.8
0.639	15.3	4.3	5.2	4.4	0.2	4.7	9.7E+11	3.8E+11	2.7E+11	51.0	3.1
1.433	9.5	4.3	8.2	4.4	14.4	4.5	6.6E+11	1.2E+12	4.3E+11	17.0	5.5
0.337	14.0	4.3	18.4	4.3	19.2	4.6	2.5E+10	2.5E+10	1.2E+10	9.90	1.7
0.624	27.2	4.3	14.6	5.9	2.4	5.7	1.1E+12	2E+11	1E+11	43.7	1.4
0.867	57.2	4.3	47.7	6.0	42.4	4.5	1.1E+12	3E+11	2E+11	18.0	1.7
0.969	36.5	4.3	35.9	4.4	25.0	5.1	9.4E+11	5.6E+11	3.5E+11	19.4	3.3
1.181	13.3	4.3	14.2	8.0	12.4	0.2	5.8E+11	4.3E+12	5.1E+11	19.4	12.7
1.292	16.2	4.3	21.5	4.4	17.6	5.0	9.4E+11	1E+12	5E+11	18.5	4.6
0.887	20.2	4.3	14.7	4.4	13.2	4.7	4.1E+11	6.2E+11	2.4E+11	19.9	7.1
0.753	21.2	4.3	19.6	4.4	16.2	4.6	3E+11	3.1E+11	1.5E+11	16.7	4.0
0.998	31.6	4.3	18.1	4.4	9.6	4.8	1.6E+12	3.6E+12	1.1E+12	35.0	30.0
0.921	14.4	4.3	12.1	4.4	99.9	9.9	4.4E+11	3.1E+12	3.9E+11	26.3	29.5
1.064	23.2	4.3	30.1	4.5	21.5	5.1	6.7E+11	5.2E+11	2.9E+11	17.5	3.3
0.628	13.0	4.3	2.0	4.3	99.9	9.9	4.5E+11	2.2E+11	1.4E+11	42.1	3.0
0.600	41.8	4.3	20.6	5.1	18.2	4.5	3.9E+11	3.6E+11	1.8E+11	21.7	6.5
1.013	46.3	4.3	45.4	4.4	31.4	4.7	1.2E+12	5E+11	3E+11	19.9	2.7
0.741	13.3	4.3	0.1	4.5	99.9	9.9	7.8E+11	3.7E+11	2.5E+11	46.9	3.3
0.484	42.3	4.3	24.7	4.7	99.9	9.9	5.3E+11	1E+12	3.5E+11	27.2	18.3
0.802	16.7	4.3	10.7	5.4	99.9	9.9	6.4E+11	1.49E+13	6.1E+11	34.9	87.3
1.349	29.5	4.3	25.6	4.4	20.9	4.8	1.6E+12	1.2E+12	7E+11	23.4	5.7
1.469	20.8	4.3	20.7	4.3	1.8	6.9	1.5E+12	4E+12	1.1E+12	26.6	15.7
1.150	20.6	4.3	20.3	4.3	16.3	4.6	7.9E+11	8.4E+11	4E+11	20.1	5.3
1.233	85.0	4.3	60.0	4.3	28.1	4.6	4.8E+12	1.8E+12	1.3E+12	31.9	6.5
0.768	23.2	4.3	13.2	4.5	3.6	4.9	1.1E+12	7.9E+12	9E+11	40.5	79.3
0.873	32.7	4.3	20.7	4.3	6.9	4.6	1E+12	2E+12	6E+11	30.8	23.2
0.472	20.4	4.3	20.9	4.6	23.6	4.6	8.4E+10	6E+10	3.5E+10	11.7	1.7
1.284	26.4	4.3	22.2	4.4	16.1	4.9	1.2E+12	1.3E+12	6E+11	24.4	8.1
1.401	15.2	4.3	14.1	5.0	13.2	5.0	9.4E+11	1.6E+12	6E+11	21.8	8.3
0.062	81	4.3	86.5	4.4	33.9	4.6	3.1E+10	9E+09	7E+09	24.2	4.8
0.904	18.0	4.3	16.5	4.4	8.9	5.1	4.4E+11	1.1E+12	3.2E+11	21.0	10.6
1.517	24.5	4.3	16.7	4.3	3.4	4.5	4.8E+12	1.9E+13	3.9E+12	50.8	74.4
1.030	37.2	4.3	24.3	4.8	9.9	6.3	1.8E+12	3.1E+12	1.1E+12	32.1	21.1
0.688	99.9	9.9	15.3	4.4	8.6	4.7	1.5E+11	1.8E+12	1.4E+11	14.3	11.7
0.690	13.9	4.3	5.6	4.4	99.9	9.9	7.5E+11	3.3E+11	2.3E+11	46.1	3.0
0.902	13.8	4.3	12.5	4.3	10.1	4.5	3.2E+11	7.2E+11	2.2E+11	18.6	7.8
1.465	33.9	4.3	54.9	4.3	57.3	4.5	2.4E+12	7E+11	5E+11	17.0	1.3
1.373	44.7	4.3	22.8	5.4	33.2	4.5	2.2E+12	9E+11	6E+11	23.1	3.5
0.861	15.1	4.3	9.7	4.8	99.9	9.9	8.4E+11	2.08E+13	8E+11	39.2	10
1.321	14.2	4.3	13.5	4.9	14.0	4.5	7.3E+11	1E+12	4.3E+11	19.7	6.3
0.943	20.1	4.3	27.4	4.8	37.3	4.5	6.8E+11	4E+11	2.5E+11	12.4	1.5
1.189	14.0	4.3	4.2	4.6	99.9	9.9	2.1E+12	9E+11	6E+11	55.9	3.7
1.335	24.5	4.3	28.8	4.7	24.2	4.8	1.1E+12	8E+11	4E+11	19.7	3.6
1.075	25.5	4.3	15.8	4.6	5.7	4.6	1.6E+12	6.6E+12	1.3E+12	36.3	44.1
0.863	31.1	4.3	26.7	4.3	20.5	4.5	5.1E+11	3.7E+11	2.1E+11	19.0	3.9
1.476	24.8	4.3	20.7	5.6	16.5	4.6	1.6E+12	1.7E+12	8E+11	25.3	8.3
1.364	18.0	4.3	17.5	4.4	6.8	4.6	1.1E+12	3.3E+12	8E+11	26.1	16.6
1.925	10.1	4.3	23.5	7.3	22.8	6.1	2.6E+12	4.9E+12	1.7E+12	18.4	5.7
1.084	39.7	4.3	24.6	4.3	13.8	4.5	1.8E+12	2E+12	9E+11	31.8	15.4
1.146	14.3	4.3	16.0	4.6	99.9	9.9	5.3E+11	2.3E+12	4.3E+11	21.6	14.2
0.994	27.6	4.3	15.3	4.7	7.1	4.6	1.7E+12	7.3E+12	1.4E+12	38.9	52.4
1.294	29.5	4.3	23.8	5.1	25.0	4.5	3E+12	2E+12	1.2E+12	20.9	3.6
1.210	23.2	4.3	27.9	4.5	27.1	4.5	9.9E+11	6E+11	3.7E+11	17.4	2.6
1.338	28.4	4.3	21.4	4.5	12.0	4.6	1.8E+12	2.4E+12	1E+12	30.2	14.7
1.266	47.4	4.3	32.5	4.3	10.9	4.5	3.6E+12	3.6E+12	1.8E+12	36.1	18.0
1.372	49.8	4.3	99.9	9.9	99.9	9.9	1.2E+13	1.44E+15	1.2E+13	59.6	61
0.892	19.8	4.3	10.1	4.4	6.4	4.6	8.7E+11	5.9E+12	7.6E+11	34.6	53.2
1.373	23.3	4.3	25.4	4.4	18.4	4.5	1.2E+12	1E+12	5E+11	21.8	5.4
1.115	20.2	4.3	14.2	4.3	10.1	4.5	7.7E+11	1.6E+12	5.2E+11	25.9	14.7
1.920	31.1	4.3	26.2	4.5	8.2	5.4	5.7E+12	9.3E+12	3.5E+12	37.6	22.1